v4 <- c(TRUE,FALSE,TRUE,FALSE)
v4

v5 <- c(1,2,3,4,5)
v5 > 3

v6 <- c(1,1,0)
v7 <- c(0,1,1)
v6 & v7
v6 | v7

dv <- c(10.1,20.2,30.3,40.4)
